Instance 0
原始登山算法:
最优调度方案: [7, 2, 0, 10, 4, 1, 6, 3, 8, 9, 5]
最优调度时间: 7038
运行时间: 0.007
enhanced hill climbing:
最优调度方案: [7, 0, 2, 4, 1, 3, 10, 6, 8, 5, 9]
最优调度时间: 7038
运行时间: 1.53
Simulated Annealing:
最优调度方案: [7, 4, 2, 6, 0, 10, 5, 3, 1, 8, 9]
最优调度时间: 7038
运行时间: 0.789

Instance 1
原始登山算法:
最优调度方案: [6, 1, 2, 7, 4, 0, 5, 3]
最优调度时间: 8617
运行时间: 0.003
enhanced hill climbing:
最优调度方案: [1, 6, 2, 7, 4, 0, 5, 3]
最优调度时间: 8617
运行时间: 0.918
Simulated Annealing:
最优调度方案: [6, 2, 7, 4, 1, 0, 5, 3]
最优调度时间: 8366
运行时间: 0.721

Instance 2
原始登山算法:
最优调度方案: [6, 10, 3, 1, 8, 5, 2, 7, 11, 9, 0, 4, 12]
最优调度时间: 7376
运行时间: 0.009
enhanced hill climbing:
最优调度方案: [6, 2, 3, 10, 1, 0, 8, 7, 11, 12, 5, 4, 9]
最优调度时间: 7166
运行时间: 2.122
Simulated Annealing:
最优调度方案: [6, 2, 3, 10, 1, 11, 12, 7, 8, 4, 5, 9, 0]
最优调度时间: 7166
运行时间: 0.874

Instance 3
原始登山算法:
最优调度方案: [11, 10, 5, 3, 4, 2, 6, 7, 8, 9, 1, 0]
最优调度时间: 7594
运行时间: 0.005
enhanced hill climbing:
最优调度方案: [5, 10, 11, 3, 4, 2, 6, 7, 8, 9, 1, 0]
最优调度时间: 7594
运行时间: 2.033
Simulated Annealing:
最优调度方案: [10, 5, 4, 9, 2, 11, 1, 8, 3, 6, 7, 0]
最优调度时间: 7312
运行时间: 1.478

Instance 4
原始登山算法:
最优调度方案: [12, 13, 0, 3, 4, 5, 6, 7, 8, 9, 10, 11, 2, 1]
最优调度时间: 8423
运行时间: 0.006
enhanced hill climbing:
最优调度方案: [3, 13, 6, 12, 0, 1, 5, 11, 8, 9, 10, 7, 4, 2]
最优调度时间: 8003
运行时间: 2.635
Simulated Annealing:
最优调度方案: [3, 11, 12, 7, 13, 5, 0, 1, 6, 9, 8, 10, 4, 2]
最优调度时间: 8003
运行时间: 0.895

Instance 5
原始登山算法:
最优调度方案: [4, 5, 1, 3, 0, 9, 8, 2, 6, 7]
最优调度时间: 7832
运行时间: 0.012
enhanced hill climbing:
最优调度方案: [4, 1, 3, 0, 2, 7, 5, 9, 8, 6]
最优调度时间: 7720
运行时间: 1.417
Simulated Annealing:
最优调度方案: [3, 0, 2, 7, 5, 9, 1, 4, 8, 6]
最优调度时间: 7720
运行时间: 2.175


Instance 6
原始登山算法:
最优调度方案: [12, 9, 15, 3, 18, 13, 7, 8, 6, 19, 11, 1, 10, 4, 14, 2, 0, 17, 5, 16]
最优调度时间: 1495
运行时间: 0.156
enhanced hill climbing:
最优调度方案: [1, 13, 18, 4, 3, 7, 15, 9, 6, 8, 10, 12, 19, 11, 16, 0, 2, 14, 17, 5]
最优调度时间: 1518
运行时间: 14.641
Simulated Annealing:
最优调度方案: [13, 1, 15, 8, 11, 3, 12, 9, 18, 10, 19, 14, 7, 2, 0, 4, 17, 16, 6, 5]
最优调度时间: 1431
运行时间: 65.918

Instance 7
原始登山算法:
最优调度方案: [5, 14, 0, 11, 4, 13, 18, 12, 8, 9, 10, 1, 7, 19, 2, 15, 16, 17, 6, 3]
最优调度时间: 2010
运行时间: 0.185
enhanced hill climbing:
最优调度方案: [5, 14, 0, 11, 4, 13, 18, 12, 8, 9, 10, 1, 7, 19, 2, 15, 16, 17, 6, 3]
最优调度时间: 2010
运行时间: 21.747
Simulated Annealing:
最优调度方案: [11, 4, 12, 8, 14, 5, 0, 18, 13, 16, 19, 7, 2, 15, 1, 9, 10, 17, 3, 6]
最优调度时间: 1950
运行时间: 355.925

Instance 8
原始登山算法:
最优调度方案: [13, 3, 2, 7, 4, 18, 6, 1, 16, 9, 10, 11, 12, 0, 5, 15, 8, 19, 14, 17]
最优调度时间: 1137
运行时间: 0.041
enhanced hill climbing:
最优调度方案: [0, 1, 2, 6, 7, 8, 3, 9, 10, 4, 13, 11, 12, 16, 18, 15, 5, 17, 14, 19]
最优调度时间: 1133
运行时间: 9.386
Simulated Annealing:
最优调度方案: [5, 13, 6, 18, 1, 0, 3, 12, 7, 4, 10, 15, 9, 2, 16, 8, 14, 19, 11, 17]
最优调度时间: 1109
运行时间: 13.166

Instance 9
原始登山算法:
最优调度方案: [14, 12, 1, 3, 4, 17, 16, 15, 8, 18, 11, 10, 2, 13, 9, 6, 7, 5, 0, 19]
最优调度时间: 1969	
运行时间: 0.241
enhanced hill climbing:
最优调度方案: [14, 12, 1, 3, 4, 17, 6, 8, 18, 16, 11, 10, 2, 13, 7, 9, 15, 5, 0, 19]
最优调度时间: 1986
运行时间: 27.327
Simulated Annealing:
最优调度方案: [12, 17, 1, 16, 7, 8, 18, 10, 2, 14, 19, 3, 11, 13, 9, 6, 15, 0, 5, 4]
最优调度时间: 1902
运行时间: 303.689

Instance 10
原始登山算法:
最优调度方案: [12, 13, 41, 49, 25, 38, 39, 7, 8, 4, 30, 11, 18, 2, 14, 45, 16, 17, 1, 19, 20, 21, 22, 23, 24, 6, 26, 48, 28, 29, 10, 31, 32, 33, 34, 35, 36, 0, 5, 9, 40, 3, 42, 43, 44, 15, 27, 47, 37, 46]
最优调度时间: 3318
运行时间: 3.805
enhanced hill climbing:
最优调度方案: [12, 13, 38, 49, 4, 41, 6, 1, 8, 9, 24, 2, 18, 11, 14, 45, 16, 17, 7, 19, 20, 21, 22, 23, 40, 25, 26, 39, 28, 29, 30, 31, 32, 33, 34, 35, 36, 0, 5, 48, 10, 3, 42, 43, 44, 37, 27, 47, 46, 15]
最优调度时间: 3295
运行时间: 304.991
Simulated Annealing:
最优调度方案: [12, 13, 39, 9, 38, 18, 49, 26, 19, 24, 7, 41, 2, 1, 11, 45, 37, 33, 5, 29, 20, 28, 4, 44, 6, 36, 0, 14, 10, 34, 35, 8, 47, 3, 42, 43, 40, 46, 32, 16, 22, 25, 17, 15, 21, 31, 48, 27, 23, 30]
最优调度时间: 3277
运行时间: 225.043
